Experiment_ID	Replication_ID	Aborted	Random_Seed	Run_Number	Start_Date_Time	Run_Duration(mins)
1	1	0	839806	0		9,25925925931992e-06
2	2	0	840611	0		4,62962962943791e-06
3	3	0	841688	0		4,62962962943791e-06
4	4	0	843442	0		9,25925925887583e-06
5	5	0	844012	0		4,62962962943791e-06
6	6	0	844684	0		9,25925925931992e-06
7	7	0	845560	0		9,25925925976401e-06
8	8	0	864450	0		9,25925925887583e-06
9	9	0	873845	0		9,25925925887583e-06
10	10	0	1029164	0		4,629629629882e-06
11	11	0	1029326	0		9,25925925887583e-06
12	12	0	1029467	0		9,25925925887583e-06
13	13	0	1029622	0		4,62962962899383e-06
14	14	0	1029759	0		1,38888888887578e-05
15	15	0	1029908	0		9,25925925887583e-06
16	16	0	1030059	0		1,38888888887578e-05
17	17	0	1030213	0		1,38888888878697e-05
18	18	0	1030364	0		9,25925925976401e-06
19	19	0	1030505	0		9,25925925976401e-06
20	20	0	1030664	0		9,25925925887583e-06
21	21	0	1030820	0		1,3888888889646e-05
22	22	0	1030949	0		9,25925926065219e-06
23	23	0	1102267	0		0
23	24	0	1102280	1		0
23	25	0	1102281	2		0
23	26	0	1102283	3		0
23	27	0	1102284	4		0
23	28	0	1102286	5		0
23	29	0	1102287	6		0
23	30	0	1102289	7		0
23	31	0	1102290	8		4,629629629882e-06
23	32	0	1102292	9		0
23	33	0	1102293	10		4,62962962899383e-06
23	34	0	1102295	11		0
23	35	0	1102296	12		4,62962962899383e-06
23	36	0	1102298	13		0
23	37	0	1102299	14		4,62962962899383e-06
23	38	0	1102301	15		0
23	39	0	1102302	16		0
23	40	0	1102304	17		0
23	41	0	1102305	18		4,629629629882e-06
23	42	0	1102307	19		0
23	43	0	1102308	20		0
23	44	0	1102310	21		0
23	45	0	1102311	22		4,62962962899383e-06
23	46	0	1102313	23		0
23	47	0	1102314	24		4,62962962899383e-06
23	48	0	1102316	25		0
23	49	0	1102317	26		0
23	50	0	1102319	27		0
23	51	0	1102320	28		0
23	52	0	1102322	29		0
23	53	0	1102323	30		0
23	54	0	1102325	31		0
23	55	0	1102329	32		0
23	56	0	1102335	33		0
23	57	0	1102340	34		0
23	58	0	1102346	35		4,629629629882e-06
23	59	0	1102352	36		0
23	60	0	1102358	37		0
23	61	0	1102360	38		0
23	62	0	1102362	39		0
23	63	0	1102363	40		0
23	64	0	1102365	41		0
23	65	0	1102366	42		0
23	66	0	1102368	43		0
23	67	0	1102369	44		0
23	68	0	1102371	45		0
23	69	0	1102372	46		4,629629629882e-06
23	70	0	1102374	47		0
23	71	0	1102375	48		0
23	72	0	1102377	49		0
23	73	0	1102378	50		0
23	74	0	1102380	51		0
23	75	0	1102381	52		4,629629629882e-06
23	76	0	1102383	53		0
23	77	0	1102384	54		0
23	78	0	1102386	55		0
23	79	0	1102387	56		0
23	80	0	1102389	57		0
23	81	0	1102390	58		0
23	82	0	1102392	59		0
23	83	0	1102393	60		0
23	84	0	1102395	61		0
23	85	0	1102396	62		0
23	86	0	1102398	63		0
23	87	0	1102399	64		0
23	88	0	1102401	65		0
23	89	0	1102402	66		0
23	90	0	1102404	67		0
23	91	0	1102406	68		0
23	92	0	1102412	69		0
23	93	0	1102418	70		0
23	94	0	1102424	71		4,629629629882e-06
23	95	0	1102430	72		0
23	96	0	1102435	73		0
23	97	0	1102441	74		0
23	98	0	1102446	75		0
23	99	0	1102452	76		0
23	100	0	1102457	77		4,629629629882e-06
23	101	0	1102463	78		0
23	102	0	1102470	79		0
23	103	0	1102471	80		0
23	104	0	1102473	81		0
23	105	0	1102474	82		0
23	106	0	1102476	83		0
23	107	0	1102478	84		0
23	108	0	1102479	85		4,629629629882e-06
23	109	0	1102481	86		0
23	110	0	1102482	87		4,629629629882e-06
23	111	0	1102484	88		0
23	112	0	1102485	89		4,629629629882e-06
23	113	0	1102487	90		0
23	114	0	1102488	91		4,62962962899383e-06
23	115	0	1102490	92		0
23	116	0	1102491	93		0
23	117	0	1102493	94		0
23	118	0	1102494	95		0
23	119	0	1102496	96		0
23	120	0	1102497	97		0
23	121	0	1102499	98		0
23	122	0	1102501	99		0
23	123	0	1102502	100		0
23	124	0	1102504	101		0
23	125	0	1102505	102		4,629629629882e-06
23	126	0	1102507	103		0
23	127	0	1102508	104		4,62962962899383e-06
23	128	0	1102510	105		0
23	129	0	1102511	106		4,62962962899383e-06
23	130	0	1102513	107		0
23	131	0	1102514	108		0
23	132	0	1102516	109		0
23	133	0	1102522	110		0
23	134	0	1102527	111		0
23	135	0	1102533	112		0
23	136	0	1102539	113		4,62962962899383e-06
23	137	0	1102545	114		0
23	138	0	1102551	115		0
23	139	0	1102556	116		0
23	140	0	1102562	117		0
23	141	0	1102567	118		0
23	142	0	1102573	119		0
23	143	0	1102578	120		0
23	144	0	1102586	121		4,629629629882e-06
23	145	0	1102588	122		0
23	146	0	1102589	123		0
23	147	0	1102591	124		0
23	148	0	1102593	125		0
23	149	0	1102594	126		0
23	150	0	1102596	127		0
23	151	0	1102597	128		0
23	152	0	1102599	129		0
23	153	0	1102600	130		0
23	154	0	1102602	131		0
23	155	0	1102603	132		0
23	156	0	1102605	133		0
23	157	0	1102607	134		0
23	158	0	1102608	135		4,62962963077018e-06
23	159	0	1102610	136		0
23	160	0	1102611	137		0
23	161	0	1102613	138		0
23	162	0	1102614	139		0
23	163	0	1102616	140		0
23	164	0	1102618	141		0
23	165	0	1102619	142		0
23	166	0	1102621	143		0
23	167	0	1102622	144		4,62962962899383e-06
23	168	0	1102624	145		0
23	169	0	1102625	146		0
23	170	0	1102627	147		0
23	171	0	1102628	148		0
23	172	0	1102630	149		0
23	173	0	1102632	150		0
23	174	0	1102633	151		4,629629629882e-06
23	175	0	1102635	152		0
23	176	0	1102636	153		4,629629629882e-06
23	177	0	1102638	154		0
23	178	0	1102639	155		0
23	179	0	1102641	156		0
23	180	0	1102642	157		0
23	181	0	1102644	158		0
23	182	0	1102650	159		0
23	183	0	1102657	160		0
23	184	0	1102662	161		0
23	185	0	1102668	162		0
23	186	0	1102673	163		0
23	187	0	1102679	164		0
23	188	0	1102684	165		4,629629629882e-06
23	189	0	1102690	166		2,31481481476337e-05
23	190	0	1102696	167		0
23	191	0	1102698	168		0
23	192	0	1102699	169		4,629629629882e-06
23	193	0	1102701	170		0
23	194	0	1102703	171		0
23	195	0	1102704	172		0
23	196	0	1102706	173		0
23	197	0	1102707	174		0
23	198	0	1102709	175		0
23	199	0	1102710	176		0
23	200	0	1102712	177		0
23	201	0	1102714	178		0
23	202	0	1102715	179		4,629629629882e-06
23	203	0	1102717	180		0
23	204	0	1102718	181		0
23	205	0	1102720	182		0
23	206	0	1102721	183		0
23	207	0	1102723	184		0
23	208	0	1102725	185		0
23	209	0	1102726	186		4,62962962899383e-06
23	210	0	1102728	187		0
23	211	0	1102729	188		0
23	212	0	1102731	189		0
23	213	0	1102733	190		0
23	214	0	1102734	191		0
23	215	0	1102736	192		0
23	216	0	1102737	193		4,629629629882e-06
23	217	0	1102743	194		0
23	218	0	1102749	195		0
23	219	0	1102755	196		0
23	220	0	1102760	197		0
23	221	0	1102766	198		4,62962962899383e-06
23	222	0	1102772	199		4,629629629882e-06
24	223	0	1349279	0		0
24	224	0	1349295	1		0
24	225	0	1349297	2		0
24	226	0	1349298	3		0
24	227	0	1349300	4		0
24	228	0	1349303	5		0
24	229	0	1349305	6		0
24	230	0	1349307	7		0
24	231	0	1349309	8		0
24	232	0	1349311	9		0
24	233	0	1349312	10		0
24	234	0	1349314	11		0
24	235	0	1349316	12		4,62962962899383e-06
24	236	0	1349318	13		4,62962962899383e-06
24	237	0	1349320	14		0
24	238	0	1349322	15		4,629629629882e-06
24	239	0	1349324	16		0
24	240	0	1349326	17		0
24	241	0	1349328	18		0
24	242	0	1349330	19		0
24	243	0	1349331	20		0
24	244	0	1349333	21		0
24	245	0	1349336	22		0
24	246	0	1349337	23		0
24	247	0	1349339	24		0
24	248	0	1349341	25		4,62962962899383e-06
24	249	0	1349343	26		4,62962962899383e-06
24	250	0	1349345	27		0
24	251	0	1349347	28		4,62962963077018e-06
24	252	0	1349349	29		0
24	253	0	1349351	30		4,62962962899383e-06
24	254	0	1349353	31		0
24	255	0	1349355	32		0
24	256	0	1349357	33		0
24	257	0	1349359	34		0
24	258	0	1349361	35		0
24	259	0	1349363	36		0
24	260	0	1349369	37		0
24	261	0	1349375	38		4,629629629882e-06
24	262	0	1349385	39		0
24	263	0	1349387	40		0
24	264	0	1349389	41		0
24	265	0	1349391	42		0
24	266	0	1349393	43		0
24	267	0	1349395	44		0
24	268	0	1349397	45		0
24	269	0	1349399	46		0
24	270	0	1349401	47		0
24	271	0	1349403	48		0
24	272	0	1349405	49		0
24	273	0	1349407	50		0
24	274	0	1349409	51		0
24	275	0	1349411	52		0
24	276	0	1349413	53		0
24	277	0	1349415	54		0
24	278	0	1349417	55		0
24	279	0	1349419	56		0
24	280	0	1349421	57		0
24	281	0	1349423	58		0
24	282	0	1349424	59		0
24	283	0	1349427	60		4,62962962899383e-06
24	284	0	1349433	61		4,629629629882e-06
24	285	0	1349439	62		0
24	286	0	1349445	63		4,62962962899383e-06
24	287	0	1349451	64		0
24	288	0	1349457	65		0
24	289	0	1349463	66		0
24	290	0	1349468	67		0
24	291	0	1349475	68		0
24	292	0	1349479	69		0
24	293	0	1349485	70		0
24	294	0	1349497	71		0
24	295	0	1349499	72		0
24	296	0	1349501	73		0
24	297	0	1349503	74		4,62962962899383e-06
24	298	0	1349505	75		4,62962962899383e-06
24	299	0	1349507	76		4,629629629882e-06
24	300	0	1349509	77		0
24	301	0	1349511	78		0
24	302	0	1349513	79		0
24	303	0	1349515	80		0
24	304	0	1349517	81		0
24	305	0	1349518	82		0
24	306	0	1349520	83		0
24	307	0	1349522	84		4,629629629882e-06
24	308	0	1349524	85		4,629629629882e-06
24	309	0	1349527	86		0
24	310	0	1349528	87		0
24	311	0	1349530	88		0
24	312	0	1349532	89		0
24	313	0	1349534	90		0
24	314	0	1349536	91		0
24	315	0	1349539	92		0
24	316	0	1349540	93		4,629629629882e-06
24	317	0	1349542	94		0
24	318	0	1349544	95		0
24	319	0	1349546	96		0
24	320	0	1349548	97		0
24	321	0	1349550	98		0
24	322	0	1349556	99		0
24	323	0	1349563	100		0
24	324	0	1349568	101		0
24	325	0	1349575	102		0
24	326	0	1349581	103		0
24	327	0	1349587	104		4,62962963165836e-06
24	328	0	1349593	105		0
24	329	0	1349604	106		4,62962962899383e-06
24	330	0	1349606	107		0
24	331	0	1349608	108		0
24	332	0	1349611	109		0
24	333	0	1349612	110		0
24	334	0	1349614	111		0
24	335	0	1349616	112		0
24	336	0	1349618	113		0
24	337	0	1349620	114		0
24	338	0	1349622	115		4,62962962899383e-06
24	339	0	1349624	116		0
24	340	0	1349625	117		0
24	341	0	1349627	118		0
24	342	0	1349629	119		0
24	343	0	1349631	120		4,62962963077018e-06
24	344	0	1349633	121		4,629629629882e-06
24	345	0	1349635	122		4,629629629882e-06
24	346	0	1349637	123		4,62962962899383e-06
24	347	0	1349639	124		4,62962962899383e-06
24	348	0	1349641	125		0
24	349	0	1349643	126		0
24	350	0	1349645	127		0
24	351	0	1349647	128		0
24	352	0	1349649	129		0
24	353	0	1349651	130		0
24	354	0	1349653	131		0
24	355	0	1349655	132		0
24	356	0	1349657	133		0
24	357	0	1349659	134		0
24	358	0	1349661	135		4,629629629882e-06
24	359	0	1349667	136		0
24	360	0	1349673	137		4,629629629882e-06
24	361	0	1349679	138		0
24	362	0	1349686	139		0
24	363	0	1349692	140		0
24	364	0	1349698	141		4,62962963077018e-06
24	365	0	1349704	142		0
24	366	0	1349713	143		0
24	367	0	1349715	144		4,62962962899383e-06
24	368	0	1349717	145		4,629629629882e-06
24	369	0	1349719	146		4,629629629882e-06
24	370	0	1349721	147		4,62962963077018e-06
24	371	0	1349723	148		4,62962962899383e-06
24	372	0	1349725	149		0
24	373	0	1349727	150		0
24	374	0	1349729	151		0
24	375	0	1349731	152		0
24	376	0	1349733	153		0
24	377	0	1349735	154		0
24	378	0	1349737	155		0
24	379	0	1349739	156		0
24	380	0	1349741	157		0
24	381	0	1349743	158		0
24	382	0	1349745	159		0
24	383	0	1349747	160		0
24	384	0	1349749	161		0
24	385	0	1349751	162		0
24	386	0	1349753	163		0
24	387	0	1349755	164		0
24	388	0	1349757	165		0
24	389	0	1349763	166		4,62962962899383e-06
24	390	0	1349769	167		0
24	391	0	1349775	168		0
24	392	0	1349781	169		4,62962962899383e-06
24	393	0	1349787	170		4,62962963077018e-06
24	394	0	1349793	171		0
24	395	0	1349806	172		0
24	396	0	1349808	173		4,629629629882e-06
24	397	0	1349810	174		4,62962963077018e-06
24	398	0	1349812	175		4,62962963077018e-06
24	399	0	1349814	176		4,62962962899383e-06
24	400	0	1349816	177		4,62962962899383e-06
24	401	0	1349818	178		1,38888888887578e-05
24	402	0	1349823	179		0
24	403	0	1349825	180		0
24	404	0	1349826	181		0
24	405	0	1349828	182		0
24	406	0	1349830	183		0
24	407	0	1349832	184		0
24	408	0	1349834	185		0
24	409	0	1349837	186		0
24	410	0	1349839	187		0
24	411	0	1349841	188		0
24	412	0	1349843	189		0
24	413	0	1349845	190		0
24	414	0	1349847	191		0
24	415	0	1349849	192		0
24	416	0	1349851	193		0
24	417	0	1349853	194		0
24	418	0	1349855	195		0
24	419	0	1349857	196		0
24	420	0	1349859	197		0
24	421	0	1349861	198		0
24	422	0	1349863	199		0
25	423	0	1581687	0		4,629629629882e-06
25	424	0	1581716	1		4,629629629882e-06
25	425	0	1581719	2		0
25	426	0	1581721	3		0
25	427	0	1581723	4		4,62962962899383e-06
25	428	0	1581725	5		4,62962962899383e-06
25	429	0	1581727	6		0
25	430	0	1581730	7		4,629629629882e-06
25	431	0	1581732	8		0
25	432	0	1581734	9		0
25	433	0	1581736	10		0
25	434	0	1581738	11		4,62962962899383e-06
25	435	0	1581740	12		4,629629629882e-06
25	436	0	1581743	13		0
25	437	0	1581745	14		0
25	438	0	1581747	15		0
25	439	0	1581749	16		0
25	440	0	1581751	17		0
25	441	0	1581753	18		4,62962962899383e-06
25	442	0	1581755	19		0
25	443	0	1581757	20		0
25	444	0	1581759	21		0
25	445	0	1581762	22		0
25	446	0	1581764	23		0
25	447	0	1581766	24		4,62962962899383e-06
25	448	0	1581768	25		4,62962962899383e-06
25	449	0	1581770	26		0
25	450	0	1581773	27		0
25	451	0	1581775	28		0
25	452	0	1581777	29		4,629629629882e-06
25	453	0	1581780	30		0
25	454	0	1581782	31		0
25	455	0	1581784	32		4,62962962899383e-06
25	456	0	1581786	33		4,62962962899383e-06
25	457	0	1581788	34		4,629629629882e-06
25	458	0	1581791	35		0
25	459	0	1581793	36		4,629629629882e-06
25	460	0	1581795	37		0
25	461	0	1581798	38		0
25	462	0	1581800	39		0
25	463	0	1581802	40		0
25	464	0	1581804	41		0
25	465	0	1581806	42		4,62962962899383e-06
25	466	0	1581808	43		4,629629629882e-06
25	467	0	1581810	44		4,629629629882e-06
25	468	0	1581813	45		0
25	469	0	1581815	46		4,629629629882e-06
25	470	0	1581817	47		4,62962963077018e-06
25	471	0	1581819	48		4,62962962899383e-06
25	472	0	1581822	49		0
25	473	0	1581826	50		0
25	474	0	1581829	51		0
25	475	0	1581831	52		0
25	476	0	1581834	53		0
25	477	0	1581835	54		0
25	478	0	1581838	55		0
25	479	0	1581840	56		4,629629629882e-06
25	480	0	1581842	57		0
25	481	0	1581845	58		0
25	482	0	1581847	59		4,629629629882e-06
25	483	0	1581849	60		4,62962962899383e-06
25	484	0	1581851	61		0
25	485	0	1581854	62		0
25	486	0	1581856	63		4,629629629882e-06
25	487	0	1581858	64		0
25	488	0	1581861	65		0
25	489	0	1581863	66		0
25	490	0	1581865	67		0
25	491	0	1581867	68		0
25	492	0	1581869	69		4,629629629882e-06
25	493	0	1581871	70		4,629629629882e-06
25	494	0	1581873	71		0
25	495	0	1581876	72		0
25	496	0	1581878	73		0
25	497	0	1581880	74		0
25	498	0	1581882	75		4,62962962899383e-06
25	499	0	1581884	76		4,629629629882e-06
25	500	0	1581886	77		4,629629629882e-06
25	501	0	1581889	78		0
25	502	0	1581891	79		4,629629629882e-06
25	503	0	1581894	80		0
25	504	0	1581896	81		0
25	505	0	1581898	82		4,629629629882e-06
25	506	0	1581900	83		4,62962962899383e-06
25	507	0	1581903	84		0
25	508	0	1581906	85		0
25	509	0	1581908	86		4,62962962899383e-06
25	510	0	1581909	87		0
25	511	0	1581913	88		0
25	512	0	1581915	89		0
25	513	0	1581917	90		0
25	514	0	1581920	91		0
25	515	0	1581922	92		0
25	516	0	1581924	93		4,62962963077018e-06
25	517	0	1581926	94		4,629629629882e-06
25	518	0	1581929	95		0
25	519	0	1581931	96		4,629629629882e-06
25	520	0	1581934	97		4,629629629882e-06
25	521	0	1581940	98		4,62962962899383e-06
25	522	0	1581943	99		0
25	523	0	1581945	100		0
25	524	0	1581947	101		4,62962963077018e-06
25	525	0	1581949	102		0
25	526	0	1581952	103		0
25	527	0	1581954	104		4,629629629882e-06
25	528	0	1581957	105		0
25	529	0	1581959	106		4,629629629882e-06
25	530	0	1581961	107		4,62962962899383e-06
25	531	0	1581964	108		0
25	532	0	1581966	109		4,62962962899383e-06
25	533	0	1581968	110		0
25	534	0	1581971	111		0
25	535	0	1581973	112		0
25	536	0	1581975	113		0
25	537	0	1581977	114		4,629629629882e-06
25	538	0	1581979	115		0
25	539	0	1581982	116		0
25	540	0	1581984	117		0
25	541	0	1581986	118		4,62962962899383e-06
25	542	0	1581988	119		4,62962962899383e-06
25	543	0	1581991	120		0
25	544	0	1581993	121		0
25	545	0	1581995	122		4,629629629882e-06
25	546	0	1581997	123		4,62962963077018e-06
25	547	0	1581999	124		4,62962962899383e-06
25	548	0	1582002	125		0
25	549	0	1582004	126		0
25	550	0	1582006	127		4,62962962899383e-06
25	551	0	1582009	128		0
25	552	0	1582011	129		4,62962962899383e-06
25	553	0	1582014	130		4,62962962899383e-06
25	554	0	1582016	131		4,62962962899383e-06
25	555	0	1582019	132		0
25	556	0	1582021	133		4,62962962899383e-06
25	557	0	1582023	134		0
25	558	0	1582026	135		4,62962962899383e-06
25	559	0	1582028	136		0
25	560	0	1582031	137		4,62962962899383e-06
25	561	0	1582033	138		0
25	562	0	1582036	139		0
25	563	0	1582038	140		0
25	564	0	1582040	141		4,629629629882e-06
25	565	0	1582042	142		0
25	566	0	1582045	143		0
25	567	0	1582054	144		4,62962962899383e-06
25	568	0	1582056	145		0
25	569	0	1582059	146		0
25	570	0	1582061	147		0
25	571	0	1582063	148		4,629629629882e-06
25	572	0	1582065	149		4,629629629882e-06
25	573	0	1582068	150		4,629629629882e-06
25	574	0	1582070	151		0
25	575	0	1582073	152		0
25	576	0	1582075	153		0
25	577	0	1582077	154		4,62962962899383e-06
25	578	0	1582079	155		4,62962962899383e-06
25	579	0	1582082	156		0
25	580	0	1582084	157		4,62962962899383e-06
25	581	0	1582087	158		0
25	582	0	1582089	159		0
25	583	0	1582091	160		4,629629629882e-06
25	584	0	1582093	161		0
25	585	0	1582096	162		0
25	586	0	1582098	163		4,629629629882e-06
25	587	0	1582101	164		0
25	588	0	1582103	165		4,62962963077018e-06
25	589	0	1582105	166		4,62962962899383e-06
25	590	0	1582107	167		0
25	591	0	1582110	168		0
25	592	0	1582112	169		0
25	593	0	1582114	170		4,629629629882e-06
25	594	0	1582116	171		0
25	595	0	1582119	172		0
25	596	0	1582121	173		0
25	597	0	1582123	174		4,629629629882e-06
25	598	0	1582125	175		4,62962962899383e-06
25	599	0	1582128	176		0
25	600	0	1582130	177		0
25	601	0	1582132	178		0
25	602	0	1582134	179		4,629629629882e-06
25	603	0	1582136	180		0
25	604	0	1582139	181		0
25	605	0	1582141	182		0
25	606	0	1582143	183		4,62962962899383e-06
25	607	0	1582145	184		4,62962962899383e-06
25	608	0	1582147	185		0
25	609	0	1582150	186		4,62962962899383e-06
25	610	0	1582152	187		0
25	611	0	1582155	188		0
25	612	0	1582161	189		4,629629629882e-06
25	613	0	1582163	190		4,62962962899383e-06
25	614	0	1582165	191		0
25	615	0	1582168	192		0
25	616	0	1582170	193		4,62962962899383e-06
25	617	0	1582172	194		4,629629629882e-06
25	618	0	1582175	195		0
25	619	0	1582177	196		0
25	620	0	1582179	197		4,629629629882e-06
25	621	0	1582181	198		4,62962962899383e-06
25	622	0	1582183	199		0
26	623	0	15106	0		0
26	624	0	15118	1		0
26	625	0	15120	2		4,6296296296322e-06
26	626	0	15122	3		4,6296296296322e-06
26	627	0	15124	4		0
26	628	0	15127	5		0
26	629	0	15129	6		0
26	630	0	15132	7		0
26	631	0	15135	8		0
26	632	0	15137	9		0
26	633	0	15139	10		0
26	634	0	15141	11		4,6296296296322e-06
26	635	0	15143	12		4,62962962961833e-06
26	636	0	15145	13		0
26	637	0	15148	14		0
26	638	0	15150	15		0
26	639	0	15152	16		0
26	640	0	15154	17		4,6296296296322e-06
26	641	0	15157	18		4,6296296296322e-06
26	642	0	15159	19		4,6296296296322e-06
26	643	0	15161	20		0
26	644	0	15164	21		0
26	645	0	15166	22		0
26	646	0	15168	23		0
26	647	0	15170	24		4,62962962961833e-06
26	648	0	15172	25		4,62962962961833e-06
26	649	0	15174	26		0
26	650	0	15177	27		0
26	651	0	15179	28		4,6296296296322e-06
26	652	0	15185	29		0
26	653	0	15192	30		4,6296296296322e-06
26	654	0	15199	31		0
26	655	0	15205	32		0
26	656	0	15211	33		4,62962962961833e-06
26	657	0	15218	34		0
26	658	0	15223	35		0
26	659	0	15230	36		0
26	660	0	15236	37		4,6296296296322e-06
26	661	0	15244	38		4,6296296296322e-06
26	662	0	15246	39		4,62962962961833e-06
26	663	0	15248	40		0
26	664	0	15250	41		0
26	665	0	15253	42		0
26	666	0	15255	43		0
26	667	0	15258	44		0
26	668	0	15260	45		0
26	669	0	15262	46		4,6296296296322e-06
26	670	0	15264	47		4,6296296296322e-06
26	671	0	15267	48		0
26	672	0	15269	49		0
26	673	0	15271	50		4,62962962961833e-06
26	674	0	15273	51		4,62962962961833e-06
26	675	0	15275	52		0
26	676	0	15278	53		0
26	677	0	15280	54		4,6296296296322e-06
26	678	0	15282	55		4,62962962961833e-06
26	679	0	15284	56		4,6296296296322e-06
26	680	0	15287	57		0
26	681	0	15289	58		0
26	682	0	15296	59		0
26	683	0	15302	60		0
26	684	0	15308	61		4,62962962964608e-06
26	685	0	15314	62		4,6296296296322e-06
26	686	0	15320	63		4,6296296296322e-06
26	687	0	15326	64		0
26	688	0	15333	65		0
26	689	0	15338	66		0
26	690	0	15345	67		0
26	691	0	15351	68		9,25925925926441e-06
26	692	0	15355	69		0
26	693	0	15357	70		4,6296296296322e-06
26	694	0	15359	71		4,6296296296322e-06
26	695	0	15362	72		0
26	696	0	15364	73		0
26	697	0	15366	74		4,6296296296322e-06
26	698	0	15368	75		0
26	699	0	15371	76		0
26	700	0	15373	77		0
26	701	0	15375	78		4,6296296296322e-06
26	702	0	15377	79		0
26	703	0	15379	80		0
26	704	0	15382	81		0
26	705	0	15384	82		4,62962962964608e-06
26	706	0	15386	83		4,6296296296322e-06
26	707	0	15388	84		0
26	708	0	15391	85		0
26	709	0	15393	86		0
26	710	0	15395	87		4,62962962964608e-06
26	711	0	15398	88		0
26	712	0	15404	89		4,6296296296322e-06
26	713	0	15410	90		0
26	714	0	15417	91		0
26	715	0	15423	92		0
26	716	0	15429	93		0
26	717	0	15436	94		4,6296296296322e-06
26	718	0	15442	95		4,6296296296322e-06
26	719	0	15449	96		0
26	720	0	15455	97		0
26	721	0	15462	98		0
26	722	0	15467	99		4,6296296296322e-06
26	723	0	15469	100		0
26	724	0	15472	101		0
26	725	0	15474	102		0
26	726	0	15476	103		4,6296296296322e-06
26	727	0	15478	104		4,62962962964608e-06
26	728	0	15481	105		0
26	729	0	15483	106		0
26	730	0	15485	107		0
26	731	0	15487	108		4,62962962961833e-06
26	732	0	15489	109		0
26	733	0	15491	110		0
26	734	0	15494	111		0
26	735	0	15496	112		0
26	736	0	15499	113		0
26	737	0	15501	114		0
26	738	0	15503	115		4,6296296296322e-06
26	739	0	15505	116		0
26	740	0	15508	117		0
26	741	0	15510	118		0
26	742	0	15516	119		4,6296296296322e-06
26	743	0	15523	120		0
26	744	0	15529	121		0
26	745	0	15536	122		0
26	746	0	15542	123		0
26	747	0	15548	124		4,62962962961833e-06
26	748	0	15554	125		4,6296296296322e-06
26	749	0	15561	126		0
26	750	0	15566	127		0
26	751	0	15573	128		3,24074074074115e-05
26	752	0	15581	129		0
26	753	0	15584	130		0
26	754	0	15586	131		4,6296296296322e-06
26	755	0	15588	132		4,6296296296322e-06
26	756	0	15590	133		0
26	757	0	15593	134		0
26	758	0	15595	135		4,6296296296322e-06
26	759	0	15597	136		0
26	760	0	15600	137		0
26	761	0	15602	138		0
26	762	0	15604	139		4,62962962961833e-06
26	763	0	15607	140		0
26	764	0	15609	141		4,62962962964608e-06
26	765	0	15611	142		0
26	766	0	15614	143		0
26	767	0	15616	144		4,62962962964608e-06
26	768	0	15628	145		4,62962962964608e-06
26	769	0	15631	146		0
26	770	0	15634	147		0
26	771	0	15636	148		4,6296296296322e-06
26	772	0	15638	149		4,6296296296322e-06
26	773	0	15640	150		0
26	774	0	15643	151		0
26	775	0	15645	152		4,6296296296322e-06
26	776	0	15647	153		4,62962962961833e-06
26	777	0	15650	154		0
26	778	0	15652	155		0
26	779	0	15654	156		4,62962962964608e-06
26	780	0	15656	157		0
26	781	0	15659	158		0
26	782	0	15661	159		0
26	783	0	15663	160		0
26	784	0	15666	161		0
26	785	0	15668	162		0
26	786	0	15670	163		4,62962962961833e-06
26	787	0	15673	164		4,62962962964608e-06
26	788	0	15675	165		4,62962962961833e-06
26	789	0	15677	166		0
26	790	0	15680	167		0
26	791	0	15682	168		4,6296296296322e-06
26	792	0	15685	169		4,62962962960445e-06
26	793	0	15688	170		0
26	794	0	15690	171		4,6296296296322e-06
26	795	0	15692	172		0
26	796	0	15695	173		0
26	797	0	15698	174		0
26	798	0	15700	175		0
26	799	0	15702	176		4,6296296296322e-06
26	800	0	15704	177		0
26	801	0	15707	178		0
26	802	0	15709	179		4,6296296296322e-06
26	803	0	15711	180		0
26	804	0	15714	181		0
26	805	0	15716	182		4,62962962961833e-06
26	806	0	15719	183		0
26	807	0	15721	184		4,62962962964608e-06
26	808	0	15723	185		0
26	809	0	15726	186		4,62962962961833e-06
26	810	0	15728	187		4,6296296296322e-06
26	811	0	15731	188		0
26	812	0	15733	189		4,62962962964608e-06
26	813	0	15740	190		4,62962962964608e-06
26	814	0	15747	191		0
26	815	0	15753	192		4,6296296296322e-06
26	816	0	15759	193		4,62962962964608e-06
26	817	0	15766	194		0
26	818	0	15772	195		0
26	819	0	15778	196		4,62962962964608e-06
26	820	0	15784	197		4,62962962961833e-06
26	821	0	15789	198		0
26	822	0	15792	199		0
27	823	0	275405	0		9,25925925887583e-06
27	824	0	275442	1		9,25925925909787e-06
27	825	0	275454	2		9,25925925909787e-06
27	826	0	275464	3		4,629629629882e-06
27	827	0	275490	4		9,25925925909787e-06
27	828	0	275502	5		9,25925925909787e-06
27	829	0	275515	6		9,25925925909787e-06
27	830	0	275527	7		9,25925925909787e-06
27	831	0	275538	8		4,62962962943791e-06
27	832	0	275549	9		9,25925925909787e-06
27	833	0	275560	10		9,25925925909787e-06
27	834	0	275570	11		4,62962962965996e-06
27	835	0	275595	12		9,25925925954196e-06
27	836	0	275606	13		9,25925925931992e-06
27	837	0	275617	14		9,25925925909787e-06
27	838	0	275627	15		9,25925925931992e-06
27	839	0	275638	16		4,62962962943791e-06
27	840	0	275650	17		9,25925925909787e-06
27	841	0	275665	18		9,25925925909787e-06
27	842	0	275680	19		9,25925925909787e-06
27	843	0	275711	20		9,25925925909787e-06
27	844	0	275722	21		9,25925925887583e-06
27	845	0	275733	22		9,25925925909787e-06
27	846	0	275744	23		9,25925925909787e-06
27	847	0	275755	24		9,25925925909787e-06
27	848	0	275766	25		4,62962962965996e-06
27	849	0	275781	26		4,62962962943791e-06
27	850	0	275796	27		9,25925925931992e-06
27	851	0	275822	28		9,25925925909787e-06
27	852	0	275833	29		4,62962962965996e-06
27	853	0	275844	30		9,25925925931992e-06
27	854	0	275856	31		9,25925925887583e-06
27	855	0	275867	32		9,25925925909787e-06
27	856	0	275882	33		9,25925925909787e-06
27	857	0	275896	34		4,62962962965996e-06
27	858	0	275911	35		9,25925925931992e-06
27	859	0	275957	36		9,25925925909787e-06
27	860	0	275970	37		9,25925925954196e-06
27	861	0	275982	38		9,25925925931992e-06
27	862	0	275994	39		9,25925925931992e-06
27	863	0	276006	40		1,38888888885358e-05
27	864	0	276019	41		9,25925925931992e-06
27	865	0	276050	42		9,25925925909787e-06
27	866	0	276063	43		9,25925925954196e-06
27	867	0	276076	44		9,25925925954196e-06
27	868	0	276088	45		9,25925925954196e-06
27	869	0	276099	46		1,38888888889799e-05
27	870	0	276112	47		9,25925925909787e-06
27	871	0	276137	48		9,25925925931992e-06
27	872	0	276150	49		9,25925925931992e-06
27	873	0	276163	50		9,25925925931992e-06
27	874	0	276175	51		4,62962962965996e-06
27	875	0	276187	52		9,25925925931992e-06
27	876	0	276199	53		4,629629629882e-06
27	877	0	276211	54		9,25925925909787e-06
27	878	0	276244	55		1,38888888889799e-05
27	879	0	276260	56		9,25925925954196e-06
27	880	0	276273	57		9,25925925909787e-06
27	881	0	276286	58		9,25925925887583e-06
27	882	0	276300	59		1,38888888889799e-05
27	883	0	276314	60		9,25925925909787e-06
27	884	0	276340	61		1,38888888885358e-05
27	885	0	276353	62		4,62962962965996e-06
27	886	0	276366	63		9,25925925909787e-06
27	887	0	276378	64		9,25925925909787e-06
27	888	0	276391	65		9,25925925931992e-06
27	889	0	276403	66		9,25925925931992e-06
27	890	0	276416	67		9,25925925931992e-06
27	891	0	276448	68		9,25925925931992e-06
27	892	0	276471	69		9,25925925909787e-06
27	893	0	276483	70		9,25925925931992e-06
27	894	0	276494	71		9,25925925954196e-06
27	895	0	276506	72		1,38888888889799e-05
27	896	0	276518	73		9,25925925954196e-06
27	897	0	276548	74		9,25925925909787e-06
27	898	0	276559	75		9,25925925909787e-06
27	899	0	276571	76		4,629629629882e-06
27	900	0	276581	77		9,25925925909787e-06
27	901	0	276592	78		9,25925925909787e-06
27	902	0	276602	79		9,25925925909787e-06
27	903	0	276613	80		9,25925925954196e-06
27	904	0	276623	81		9,25925925954196e-06
27	905	0	276647	82		9,25925925909787e-06
27	906	0	276659	83		9,25925925909787e-06
27	907	0	276669	84		9,25925925954196e-06
27	908	0	276680	85		9,25925925954196e-06
27	909	0	276692	86		9,25925925909787e-06
27	910	0	276702	87		9,25925925954196e-06
27	911	0	276714	88		9,25925925931992e-06
27	912	0	276725	89		8,79629629628731e-05
27	913	0	276754	90		9,25925925931992e-06
27	914	0	276766	91		9,25925925931992e-06
27	915	0	276776	92		4,62962962965996e-06
27	916	0	276787	93		9,25925925909787e-06
27	917	0	276798	94		4,62962962965996e-06
27	918	0	276809	95		9,25925925887583e-06
27	919	0	276819	96		4,62962962965996e-06
27	920	0	276840	97		4,62962962965996e-06
27	921	0	276851	98		4,62962962943791e-06
27	922	0	276862	99		9,25925925909787e-06
27	923	0	276873	100		9,25925925909787e-06
27	924	0	276883	101		4,62962962943791e-06
27	925	0	276895	102		9,25925925887583e-06
27	926	0	276906	103		9,25925925909787e-06
27	927	0	276916	104		4,62962962943791e-06
27	928	0	276943	105		9,25925925909787e-06
27	929	0	276954	106		9,25925925954196e-06
27	930	0	276964	107		4,629629629882e-06
27	931	0	276987	108		9,25925925954196e-06
27	932	0	276999	109		9,25925925931992e-06
27	933	0	277009	110		4,62962962965996e-06
27	934	0	277020	111		9,25925925954196e-06
27	935	0	277047	112		9,25925925954196e-06
27	936	0	277059	113		9,25925925954196e-06
27	937	0	277069	114		9,25925925931992e-06
27	938	0	277081	115		9,25925925954196e-06
27	939	0	277092	116		9,25925925954196e-06
27	940	0	277102	117		9,25925925909787e-06
27	941	0	277113	118		9,25925925887583e-06
27	942	0	277125	119		7,87037037037752e-05
27	943	0	277151	120		9,25925925887583e-06
27	944	0	277163	121		9,25925925931992e-06
27	945	0	277176	122		9,25925925931992e-06
27	946	0	277188	123		1,38888888889799e-05
27	947	0	277198	124		1,38888888889799e-05
27	948	0	277211	125		4,62962962943791e-06
27	949	0	277224	126		4,62962962965996e-06
27	950	0	277247	127		9,25925925887583e-06
27	951	0	277258	128		9,25925925931992e-06
27	952	0	277271	129		9,25925925909787e-06
27	953	0	277284	130		9,25925925887583e-06
27	954	0	277296	131		9,25925925887583e-06
27	955	0	277307	132		9,25925925909787e-06
27	956	0	277320	133		9,25925925931992e-06
27	957	0	277348	134		9,25925925931992e-06
27	958	0	277360	135		9,25925925931992e-06
27	959	0	277371	136		4,62962962965996e-06
27	960	0	277381	137		9,25925925909787e-06
27	961	0	277392	138		9,25925925931992e-06
27	962	0	277402	139		9,25925925931992e-06
27	963	0	277415	140		9,25925925931992e-06
27	964	0	277426	141		9,25925925931992e-06
27	965	0	277448	142		9,25925925909787e-06
27	966	0	277459	143		9,25925925931992e-06
27	967	0	277470	144		9,25925925931992e-06
27	968	0	277481	145		9,25925925909787e-06
27	969	0	277509	146		9,25925925931992e-06
27	970	0	277521	147		9,25925925909787e-06
27	971	0	277542	148		9,25925925931992e-06
27	972	0	277553	149		9,25925925931992e-06
27	973	0	277564	150		4,629629629882e-06
27	974	0	277575	151		4,629629629882e-06
27	975	0	277586	152		9,25925925909787e-06
27	976	0	277597	153		9,25925925909787e-06
27	977	0	277608	154		9,25925925909787e-06
27	978	0	277618	155		9,25925925909787e-06
27	979	0	277629	156		4,62962962943791e-06
27	980	0	277651	157		9,25925925954196e-06
27	981	0	277662	158		9,25925925954196e-06
27	982	0	277673	159		9,25925925931992e-06
27	983	0	277684	160		9,25925925954196e-06
27	984	0	277695	161		9,25925925954196e-06
27	985	0	277706	162		9,25925925909787e-06
27	986	0	277716	163		9,25925925887583e-06
27	987	0	277727	164		9,25925925909787e-06
27	988	0	277755	165		9,25925925931992e-06
27	989	0	277767	166		9,25925925931992e-06
27	990	0	277777	167		4,62962962965996e-06
27	991	0	277788	168		9,25925925887583e-06
27	992	0	277799	169		9,25925925909787e-06
27	993	0	277810	170		9,25925925909787e-06
27	994	0	277821	171		4,62962962965996e-06
27	995	0	277831	172		9,25925925927551e-05
27	996	0	277860	173		9,25925925931992e-06
27	997	0	277871	174		4,62962962943791e-06
27	998	0	277882	175		9,25925925909787e-06
27	999	0	277893	176		9,25925925887583e-06
27	1000	0	277904	177		4,62962962943791e-06
27	1001	0	277915	178		1,38888888885358e-05
27	1002	0	277927	179		9,25925925909787e-06
27	1003	0	277949	180		9,25925925909787e-06
27	1004	0	277960	181		9,25925925887583e-06
27	1005	0	277971	182		9,25925925909787e-06
27	1006	0	277982	183		4,62962962965996e-06
27	1007	0	277993	184		4,62962962943791e-06
27	1008	0	278004	185		9,25925925954196e-06
27	1009	0	278036	186		9,25925925909787e-06
27	1010	0	278048	187		9,25925925954196e-06
27	1011	0	278060	188		4,62962962943791e-06
27	1012	0	278071	189		9,25925925954196e-06
27	1013	0	278082	190		1,38888888892019e-05
27	1014	0	278094	191		9,25925925954196e-06
27	1015	0	278105	192		4,62962962943791e-06
27	1016	0	278117	193		9,25925925909787e-06
27	1017	0	278128	194		9,25925925931992e-06
27	1018	0	278139	195		9,25925925909787e-06
27	1019	0	278167	196		9,25925925909787e-06
27	1020	0	278178	197		1,38888888887578e-05
27	1021	0	278189	198		9,25925925909787e-06
27	1022	0	278201	199		9,25925925909787e-06
28	1023	0	372190	0		9,25925925931992e-06
28	1024	0	372213	1		9,25925925931992e-06
28	1025	0	372217	2		9,25925925909787e-06
28	1026	0	372221	3		9,25925925887583e-06
28	1027	0	372225	4		9,25925925954196e-06
28	1028	0	372229	5		1,38888888889799e-05
28	1029	0	372233	6		4,629629629882e-06
28	1030	0	372237	7		9,25925925931992e-06
28	1031	0	372241	8		9,25925925909787e-06
28	1032	0	372246	9		9,25925925931992e-06
28	1033	0	372249	10		4,62962962943791e-06
28	1034	0	372255	11		4,629629629882e-06
28	1035	0	372259	12		9,25925925931992e-06
28	1036	0	372263	13		9,25925925954196e-06
28	1037	0	372267	14		9,25925925931992e-06
28	1038	0	372271	15		9,25925925909787e-06
28	1039	0	372275	16		9,25925925954196e-06
28	1040	0	372279	17		9,25925925954196e-06
28	1041	0	372283	18		9,25925925909787e-06
28	1042	0	372287	19		9,25925925909787e-06
28	1043	0	372291	20		9,25925925931992e-06
28	1044	0	372295	21		9,25925925887583e-06
28	1045	0	372299	22		4,62962962965996e-06
28	1046	0	372303	23		4,62962962965996e-06
28	1047	0	372307	24		9,25925925887583e-06
28	1048	0	372311	25		9,25925925909787e-06
28	1049	0	372315	26		9,25925925931992e-06
28	1050	0	372319	27		9,25925925931992e-06
28	1051	0	372323	28		9,25925925931992e-06
28	1052	0	372327	29		9,25925925931992e-06
28	1053	0	372331	30		1,38888888889799e-05
28	1054	0	372336	31		9,25925925931992e-06
28	1055	0	372339	32		4,62962962965996e-06
28	1056	0	372343	33		9,25925925909787e-06
28	1057	0	372347	34		9,25925925931992e-06
28	1058	0	372351	35		9,25925925909787e-06
28	1059	0	372355	36		9,25925925887583e-06
28	1060	0	372359	37		9,25925925931992e-06
28	1061	0	372365	38		9,25925925931992e-06
28	1062	0	372369	39		9,25925925931992e-06
28	1063	0	372373	40		4,62962962943791e-06
28	1064	0	372377	41		4,62962962965996e-06
28	1065	0	372381	42		4,62962962943791e-06
28	1066	0	372386	43		9,25925925909787e-06
28	1067	0	372390	44		9,25925925931992e-06
28	1068	0	372393	45		4,62962962943791e-06
28	1069	0	372397	46		4,62962962965996e-06
28	1070	0	372401	47		4,62962962965996e-06
28	1071	0	372405	48		9,25925925909787e-06
28	1072	0	372409	49		1,38888888889799e-05
28	1073	0	372414	50		9,25925925954196e-06
28	1074	0	372417	51		4,62962962965996e-06
28	1075	0	372421	52		9,25925925931992e-06
28	1076	0	372425	53		9,25925925954196e-06
28	1077	0	372429	54		4,62962962943791e-06
28	1078	0	372433	55		9,25925925931992e-06
28	1079	0	372437	56		9,25925925931992e-06
28	1080	0	372441	57		9,25925925887583e-06
28	1081	0	372445	58		9,25925925909787e-06
28	1082	0	372449	59		9,25925925909787e-06
28	1083	0	372453	60		9,25925925909787e-06
28	1084	0	372457	61		9,25925925909787e-06
28	1085	0	372461	62		4,62962962965996e-06
28	1086	0	372465	63		9,25925925931992e-06
28	1087	0	372469	64		1,85185185186398e-05
28	1088	0	372475	65		9,25925925931992e-06
28	1089	0	372479	66		9,25925925909787e-06
28	1090	0	372483	67		9,25925925909787e-06
28	1091	0	372487	68		9,25925925931992e-06
28	1092	0	372491	69		9,25925925909787e-06
28	1093	0	372495	70		9,25925925931992e-06
28	1094	0	372499	71		9,25925925931992e-06
28	1095	0	372503	72		9,25925925954196e-06
28	1096	0	372507	73		9,25925925931992e-06
28	1097	0	372511	74		9,25925925931992e-06
28	1098	0	372515	75		9,25925925954196e-06
28	1099	0	372519	76		4,62962962943791e-06
28	1100	0	372523	77		4,62962962965996e-06
28	1101	0	372527	78		9,25925925887583e-06
28	1102	0	372530	79		9,25925925931992e-06
28	1103	0	372535	80		9,25925925909787e-06
28	1104	0	372539	81		1,38888888887578e-05
28	1105	0	372544	82		9,25925925909787e-06
28	1106	0	372548	83		9,25925925954196e-06
28	1107	0	372552	84		9,25925925931992e-06
28	1108	0	372556	85		4,62962962943791e-06
28	1109	0	372560	86		9,25925925954196e-06
28	1110	0	372564	87		9,25925925931992e-06
28	1111	0	372569	88		9,25925925909787e-06
28	1112	0	372572	89		4,62962962943791e-06
28	1113	0	372576	90		9,25925925931992e-06
28	1114	0	372582	91		9,25925925954196e-06
28	1115	0	372586	92		4,62962962943791e-06
28	1116	0	372590	93		9,25925925931992e-06
28	1117	0	372594	94		9,25925925954196e-06
28	1118	0	372598	95		9,25925925954196e-06
28	1119	0	372602	96		4,62962962965996e-06
28	1120	0	372606	97		9,25925925887583e-06
28	1121	0	372610	98		9,25925925931992e-06
28	1122	0	372614	99		9,25925925909787e-06
28	1123	0	372618	100		9,25925925887583e-06
28	1124	0	372622	101		9,25925925909787e-06
28	1125	0	372626	102		9,25925925931992e-06
28	1126	0	372630	103		9,25925925909787e-06
28	1127	0	372634	104		9,25925925931992e-06
28	1128	0	372638	105		9,25925925954196e-06
28	1129	0	372642	106		9,25925925909787e-06
28	1130	0	372646	107		9,25925925931992e-06
28	1131	0	372650	108		9,25925925931992e-06
28	1132	0	372654	109		9,25925925931992e-06
28	1133	0	372658	110		9,25925925931992e-06
28	1134	0	372666	111		9,25925925909787e-06
28	1135	0	372674	112		9,25925925909787e-06
28	1136	0	372682	113		9,25925925931992e-06
28	1137	0	372692	114		9,25925925909787e-06
28	1138	0	372696	115		9,25925925909787e-06
28	1139	0	372699	116		4,62962962943791e-06
28	1140	0	372703	117		4,62962962965996e-06
28	1141	0	372707	118		4,62962962965996e-06
28	1142	0	372711	119		4,62962962943791e-06
28	1143	0	372726	120		9,25925925887583e-06
28	1144	0	372730	121		9,25925925909787e-06
28	1145	0	372734	122		9,25925925909787e-06
28	1146	0	372738	123		9,25925925909787e-06
28	1147	0	372742	124		9,25925925909787e-06
28	1148	0	372746	125		4,62962962965996e-06
28	1149	0	372750	126		4,629629629882e-06
28	1150	0	372754	127		9,25925925954196e-06
28	1151	0	372758	128		9,25925925931992e-06
28	1152	0	372762	129		1,38888888887578e-05
28	1153	0	372767	130		9,25925925909787e-06
28	1154	0	372772	131		9,25925925931992e-06
28	1155	0	372776	132		9,25925925887583e-06
28	1156	0	372780	133		9,25925925931992e-06
28	1157	0	372788	134		9,25925925931992e-06
28	1158	0	372795	135		1,85185185186398e-05
28	1159	0	372801	136		9,25925925909787e-06
28	1160	0	372805	137		9,25925925909787e-06
28	1161	0	372809	138		9,25925925909787e-06
28	1162	0	372813	139		9,25925925909787e-06
28	1163	0	372817	140		9,25925925909787e-06
28	1164	0	372821	141		9,25925925909787e-06
28	1165	0	372825	142		9,25925925931992e-06
28	1166	0	372829	143		1,38888888887578e-05
28	1167	0	372834	144		9,25925925954196e-06
28	1168	0	372838	145		9,25925925954196e-06
28	1169	0	372842	146		9,25925925909787e-06
28	1170	0	372850	147		9,25925925931992e-06
28	1171	0	372858	148		9,25925925909787e-06
28	1172	0	372867	149		9,25925925931992e-06
28	1173	0	372875	150		9,25925925931992e-06
28	1174	0	372882	151		9,25925925931992e-06
28	1175	0	372890	152		9,25925925954196e-06
28	1176	0	372899	153		9,25925925909787e-06
28	1177	0	372906	154		9,25925925931992e-06
28	1178	0	372911	155		4,629629629882e-06
28	1179	0	372915	156		4,62962962965996e-06
28	1180	0	372919	157		9,25925925931992e-06
28	1181	0	372924	158		9,25925925931992e-06
28	1182	0	372928	159		9,25925925954196e-06
28	1183	0	372932	160		9,25925925909787e-06
28	1184	0	372936	161		9,25925925909787e-06
28	1185	0	372940	162		9,25925925931992e-06
28	1186	0	372944	163		9,25925925931992e-06
28	1187	0	372948	164		9,25925925909787e-06
28	1188	0	372952	165		9,25925925909787e-06
28	1189	0	372956	166		9,25925925931992e-06
28	1190	0	372960	167		9,25925925931992e-06
28	1191	0	372964	168		9,25925925931992e-06
28	1192	0	372968	169		1,38888888889799e-05
28	1193	0	372977	170		9,25925925887583e-06
28	1194	0	372985	171		9,25925925909787e-06
28	1195	0	372993	172		9,25925925909787e-06
28	1196	0	373001	173		9,25925925909787e-06
28	1197	0	373009	174		9,25925925931992e-06
28	1198	0	373018	175		9,25925925909787e-06
28	1199	0	373023	176		9,25925925931992e-06
28	1200	0	373027	177		9,25925925909787e-06
28	1201	0	373031	178		9,25925925909787e-06
28	1202	0	373035	179		9,25925925954196e-06
28	1203	0	373039	180		9,25925925954196e-06
28	1204	0	373043	181		9,25925925931992e-06
28	1205	0	373047	182		9,25925925931992e-06
28	1206	0	373051	183		9,25925925954196e-06
28	1207	0	373055	184		9,25925925931992e-06
28	1208	0	373059	185		9,25925925931992e-06
28	1209	0	373067	186		9,25925925931992e-06
28	1210	0	373075	187		9,25925925909787e-06
28	1211	0	373085	188		9,25925925931992e-06
28	1212	0	373092	189		9,25925925931992e-06
28	1213	0	373100	190		4,62962962965996e-06
28	1214	0	373108	191		9,25925925954196e-06
28	1215	0	373116	192		9,25925925887583e-06
28	1216	0	373125	193		4,62962962965996e-06
28	1217	0	373129	194		9,25925925954196e-06
28	1218	0	373134	195		9,25925925954196e-06
28	1219	0	373138	196		9,25925925931992e-06
28	1220	0	373142	197		9,25925925909787e-06
28	1221	0	373146	198		9,25925925931992e-06
28	1222	0	373150	199		9,25925925909787e-06
29	1223	0	415683	0		1,38888888889799e-05
29	1224	0	415705	1		9,25925925909787e-06
29	1225	0	415721	2		9,25925925909787e-06
29	1226	0	415736	3		9,25925925931992e-06
29	1227	0	415752	4		9,25925925954196e-06
29	1228	0	415768	5		9,25925925909787e-06
29	1229	0	415783	6		9,25925925909787e-06
29	1230	0	415799	7		9,25925925887583e-06
29	1231	0	415815	8		9,25925925954196e-06
29	1232	0	415831	9		9,25925925954196e-06
29	1233	0	415847	10		9,25925925909787e-06
29	1234	0	415862	11		9,25925925909787e-06
29	1235	0	415878	12		9,25925925887583e-06
29	1236	0	415894	13		9,25925925931992e-06
29	1237	0	415910	14		9,25925925954196e-06
29	1238	0	415937	15		9,25925925887583e-06
29	1239	0	415955	16		9,25925925931992e-06
29	1240	0	415971	17		9,25925925931992e-06
29	1241	0	415988	18		9,25925925931992e-06
29	1242	0	416003	19		9,25925925954196e-06
29	1243	0	416020	20		9,25925925931992e-06
29	1244	0	416036	21		9,25925925887583e-06
29	1245	0	416052	22		9,25925925931992e-06
29	1246	0	416069	23		9,25925925909787e-06
29	1247	0	416085	24		1,38888888887578e-05
29	1248	0	416101	25		1,38888888887578e-05
29	1249	0	416119	26		9,25925925931992e-06
29	1250	0	416136	27		9,25925925909787e-06
29	1251	0	416152	28		9,25925925909787e-06
29	1252	0	416170	29		9,25925925887583e-06
29	1253	0	416188	30		9,25925925954196e-06
29	1254	0	416213	31		9,25925925909787e-06
29	1255	0	416229	32		9,25925925931992e-06
29	1256	0	416245	33		9,25925925931992e-06
29	1257	0	416261	34		9,25925925909787e-06
29	1258	0	416277	35		9,25925925954196e-06
29	1259	0	416294	36		1,38888888892019e-05
29	1260	0	416310	37		9,25925925931992e-06
29	1261	0	416326	38		9,25925925909787e-06
29	1262	0	416342	39		9,25925925909787e-06
29	1263	0	416358	40		9,25925925909787e-06
29	1264	0	416374	41		9,25925925931992e-06
29	1265	0	416390	42		9,25925925954196e-06
29	1266	0	416406	43		9,25925925931992e-06
29	1267	0	416422	44		9,25925925954196e-06
29	1268	0	416440	45		9,25925925931992e-06
29	1269	0	416456	46		9,25925925931992e-06
29	1270	0	416472	47		9,25925925931992e-06
29	1271	0	416488	48		9,25925925909787e-06
29	1272	0	416505	49		9,25925925954196e-06
29	1273	0	416523	50		9,25925925954196e-06
29	1274	0	416540	51		9,25925925909787e-06
29	1275	0	416558	52		1,38888888889799e-05
29	1276	0	416575	53		9,25925925909787e-06
29	1277	0	416593	54		9,25925925931992e-06
29	1278	0	416611	55		9,25925925931992e-06
29	1279	0	416629	56		9,25925925954196e-06
29	1280	0	416647	57		9,25925925931992e-06
29	1281	0	416664	58		9,25925925909787e-06
29	1282	0	416683	59		9,25925925909787e-06
29	1283	0	416702	60		1,38888888887578e-05
29	1284	0	416726	61		1,38888888887578e-05
29	1285	0	416746	62		9,25925925931992e-06
29	1286	0	416764	63		9,25925925954196e-06
29	1287	0	416782	64		9,25925925931992e-06
29	1288	0	416801	65		9,25925925909787e-06
29	1289	0	416819	66		9,25925925954196e-06
29	1290	0	416839	67		9,25925925931992e-06
29	1291	0	416857	68		1,38888888889799e-05
29	1292	0	416876	69		1,38888888889799e-05
29	1293	0	416894	70		9,25925925931992e-06
29	1294	0	416914	71		9,25925925954196e-06
29	1295	0	416932	72		9,25925925931992e-06
29	1296	0	416953	73		1,38888888889799e-05
29	1297	0	416971	74		9,25925925954196e-06
29	1298	0	416989	75		9,25925925931992e-06
29	1299	0	417006	76		9,25925925909787e-06
29	1300	0	417025	77		9,25925925909787e-06
29	1301	0	417043	78		9,25925925931992e-06
29	1302	0	417062	79		9,25925925909787e-06
29	1303	0	417081	80		1,38888888887578e-05
29	1304	0	417099	81		1,85185185184178e-05
29	1305	0	417118	82		9,25925925909787e-06
29	1306	0	417137	83		1,38888888887578e-05
29	1307	0	417157	84		9,25925925909787e-06
29	1308	0	417175	85		9,25925925909787e-06
29	1309	0	417194	86		9,25925925954196e-06
29	1310	0	417212	87		9,25925925909787e-06
29	1311	0	417238	88		9,25925925954196e-06
29	1312	0	417255	89		9,25925925954196e-06
29	1313	0	417274	90		9,25925925931992e-06
29	1314	0	417293	91		9,25925925931992e-06
29	1315	0	417311	92		9,25925925954196e-06
29	1316	0	417330	93		9,25925925931992e-06
29	1317	0	417347	94		9,25925925909787e-06
29	1318	0	417366	95		9,25925925909787e-06
29	1319	0	417384	96		9,25925925954196e-06
29	1320	0	417401	97		1,38888888892019e-05
29	1321	0	417420	98		9,25925925931992e-06
29	1322	0	417438	99		9,25925925909787e-06
29	1323	0	417457	100		9,25925925931992e-06
29	1324	0	417475	101		1,38888888885358e-05
29	1325	0	417493	102		1,38888888889799e-05
29	1326	0	417511	103		1,85185185184178e-05
29	1327	0	417530	104		9,25925925909787e-06
29	1328	0	417550	105		9,25925925909787e-06
29	1329	0	417569	106		9,25925925931992e-06
29	1330	0	417587	107		1,38888888885358e-05
29	1331	0	417607	108		9,25925925931992e-06
29	1332	0	417624	109		1,38888888889799e-05
29	1333	0	417642	110		9,25925925931992e-06
29	1334	0	417661	111		9,25925925931992e-06
29	1335	0	417678	112		1,38888888887578e-05
29	1336	0	417695	113		9,25925925909787e-06
29	1337	0	417713	114		1,38888888889799e-05
29	1338	0	417730	115		1,38888888889799e-05
29	1339	0	417755	116		9,25925925931992e-06
29	1340	0	417772	117		9,25925925909787e-06
29	1341	0	417789	118		1,38888888887578e-05
29	1342	0	417807	119		9,25925925931992e-06
29	1343	0	417824	120		9,25925925887583e-06
29	1344	0	417842	121		9,25925925931992e-06
29	1345	0	417859	122		1,38888888889799e-05
29	1346	0	417876	123		9,25925925909787e-06
29	1347	0	417893	124		9,25925925954196e-06
29	1348	0	417910	125		9,25925925909787e-06
29	1349	0	417927	126		9,25925925931992e-06
29	1350	0	417946	127		9,25925925909787e-06
29	1351	0	417962	128		9,25925925887583e-06
29	1352	0	417979	129		9,25925925931992e-06
29	1353	0	417997	130		9,25925925909787e-06
29	1354	0	418013	131		1,85185185184178e-05
29	1355	0	418031	132		9,25925925909787e-06
29	1356	0	418048	133		9,25925925931992e-06
29	1357	0	418065	134		9,25925925954196e-06
29	1358	0	418083	135		9,25925925931992e-06
29	1359	0	418103	136		9,25925925909787e-06
29	1360	0	418121	137		9,25925925954196e-06
29	1361	0	418139	138		9,25925925909787e-06
29	1362	0	418157	139		9,25925925909787e-06
29	1363	0	418175	140		9,25925925931992e-06
29	1364	0	418193	141		9,25925925931992e-06
29	1365	0	418211	142		9,25925925954196e-06
29	1366	0	418229	143		9,25925925931992e-06
29	1367	0	418247	144		1,38888888887578e-05
29	1368	0	418272	145		1,38888888889799e-05
29	1369	0	418291	146		9,25925925931992e-06
29	1370	0	418308	147		9,25925925931992e-06
29	1371	0	418325	148		9,25925925931992e-06
29	1372	0	418343	149		9,25925925931992e-06
29	1373	0	418360	150		9,25925925887583e-06
29	1374	0	418377	151		9,25925925909787e-06
29	1375	0	418394	152		9,25925925909787e-06
29	1376	0	418411	153		9,25925925931992e-06
29	1377	0	418428	154		9,25925925909787e-06
29	1378	0	418446	155		1,38888888889799e-05
29	1379	0	418463	156		9,25925925931992e-06
29	1380	0	418480	157		9,25925925909787e-06
29	1381	0	418497	158		9,25925925931992e-06
29	1382	0	418515	159		9,25925925931992e-06
29	1383	0	418532	160		9,25925925909787e-06
29	1384	0	418549	161		9,25925925931992e-06
29	1385	0	418567	162		1,38888888889799e-05
29	1386	0	418585	163		1,38888888887578e-05
29	1387	0	418603	164		1,38888888889799e-05
29	1388	0	418620	165		9,25925925954196e-06
29	1389	0	418638	166		1,38888888887578e-05
29	1390	0	418655	167		9,25925925931992e-06
29	1391	0	418672	168		9,25925925909787e-06
29	1392	0	418689	169		9,25925925931992e-06
29	1393	0	418707	170		1,38888888892019e-05
29	1394	0	418725	171		9,25925925954196e-06
29	1395	0	418743	172		9,25925925887583e-06
29	1396	0	418761	173		9,25925925909787e-06
29	1397	0	418781	174		9,25925925931992e-06
29	1398	0	418798	175		9,25925925954196e-06
29	1399	0	418815	176		9,25925925931992e-06
29	1400	0	418833	177		9,25925925909787e-06
29	1401	0	418850	178		1,38888888887578e-05
29	1402	0	418867	179		9,25925925931992e-06
29	1403	0	418885	180		9,25925925909787e-06
29	1404	0	418903	181		9,25925925931992e-06
29	1405	0	418921	182		9,25925925954196e-06
29	1406	0	418938	183		9,25925925931992e-06
29	1407	0	418956	184		9,25925925909787e-06
29	1408	0	418973	185		9,25925925931992e-06
29	1409	0	418990	186		1,38888888885358e-05
29	1410	0	419008	187		9,25925925931992e-06
29	1411	0	419025	188		9,25925925954196e-06
29	1412	0	419044	189		9,25925925954196e-06
29	1413	0	419061	190		9,25925925909787e-06
29	1414	0	419079	191		9,25925925909787e-06
29	1415	0	419097	192		1,38888888889799e-05
29	1416	0	419119	193		1,85185185181957e-05
29	1417	0	419138	194		9,25925925931992e-06
29	1418	0	419155	195		9,25925925931992e-06
29	1419	0	419173	196		9,25925925887583e-06
29	1420	0	419190	197		9,25925925931992e-06
29	1421	0	419209	198		9,25925925931992e-06
29	1422	0	419227	199		9,25925925909787e-06
30	1423	0	94206	0		0
30	1424	0	94254	1		4,62962962965996e-06
30	1425	0	94277	2		4,62962962965996e-06
30	1426	0	94312	3		4,62962962971547e-06
30	1427	0	94347	4		4,62962962965996e-06
30	1428	0	94385	5		0
30	1429	0	94420	6		4,62962962960445e-06
30	1430	0	94454	7		4,62962962965996e-06
30	1431	0	94490	8		4,62962962965996e-06
30	1432	0	94526	9		4,62962962960445e-06
30	1433	0	94561	10		0
30	1434	0	94596	11		0
30	1435	0	94630	12		0
30	1436	0	94667	13		4,62962962960445e-06
30	1437	0	94702	14		4,62962962960445e-06
30	1438	0	94736	15		4,62962962965996e-06
30	1439	0	94793	16		4,62962962954894e-06
30	1440	0	94816	17		4,62962962965996e-06
30	1441	0	94851	18		0
30	1442	0	94888	19		0
30	1443	0	94922	20		0
30	1444	0	94957	21		0
30	1445	0	94993	22		4,62962962965996e-06
30	1446	0	95027	23		0
30	1447	0	95062	24		0
30	1448	0	95099	25		0
30	1449	0	95135	26		4,62962962960445e-06
30	1450	0	95169	27		4,62962962965996e-06
30	1451	0	95205	28		4,62962962960445e-06
30	1452	0	95241	29		4,62962962965996e-06
30	1453	0	95276	30		4,62962962954894e-06
30	1454	0	95327	31		4,62962962965996e-06
30	1455	0	95352	32		0
30	1456	0	95389	33		0
30	1457	0	95425	34		4,62962962960445e-06
30	1458	0	95459	35		0
30	1459	0	95494	36		0
30	1460	0	95529	37		0
30	1461	0	95565	38		4,62962962960445e-06
30	1462	0	95601	39		4,62962962965996e-06
30	1463	0	95643	40		4,62962962965996e-06
30	1464	0	95672	41		0
30	1465	0	95709	42		4,62962962965996e-06
30	1466	0	95744	43		4,62962962960445e-06
30	1467	0	95779	44		4,62962962960445e-06
30	1468	0	95814	45		0
30	1469	0	95866	46		4,62962962960445e-06
30	1470	0	95891	47		4,62962962954894e-06
30	1471	0	95927	48		4,62962962954894e-06
30	1472	0	95963	49		0
30	1473	0	95998	50		0
30	1474	0	96033	51		0
30	1475	0	96068	52		0
30	1476	0	96104	53		4,62962962965996e-06
30	1477	0	96144	54		0
30	1478	0	96175	55		4,62962962965996e-06
30	1479	0	96211	56		4,62962962965996e-06
30	1480	0	96246	57		4,62962962960445e-06
30	1481	0	96280	58		0
30	1482	0	96316	59		4,62962962960445e-06
30	1483	0	96353	60		0
30	1484	0	96410	61		4,62962962960445e-06
30	1485	0	96433	62		4,62962962960445e-06
30	1486	0	96469	63		4,62962962965996e-06
30	1487	0	96506	64		4,62962962965996e-06
30	1488	0	96547	65		0
30	1489	0	96576	66		4,62962962965996e-06
30	1490	0	96613	67		4,62962962960445e-06
30	1491	0	96649	68		0
30	1492	0	96685	69		4,62962962965996e-06
30	1493	0	96721	70		0
30	1494	0	96756	71		4,62962962965996e-06
30	1495	0	96792	72		0
30	1496	0	96829	73		0
30	1497	0	96867	74		4,62962962960445e-06
30	1498	0	96902	75		0
30	1499	0	96955	76		4,62962962960445e-06
30	1500	0	96981	77		4,62962962965996e-06
30	1501	0	97016	78		0
30	1502	0	97052	79		4,62962962960445e-06
30	1503	0	97088	80		4,62962962960445e-06
30	1504	0	97125	81		4,62962962960445e-06
30	1505	0	97160	82		4,62962962960445e-06
30	1506	0	97196	83		0
30	1507	0	97232	84		0
30	1508	0	97268	85		0
30	1509	0	97304	86		4,62962962960445e-06
30	1510	0	97341	87		0
30	1511	0	97379	88		4,62962962965996e-06
30	1512	0	97414	89		4,62962962960445e-06
30	1513	0	97450	90		4,62962962954894e-06
30	1514	0	97504	91		0
30	1515	0	97529	92		4,62962962960445e-06
30	1516	0	97566	93		4,62962962954894e-06
30	1517	0	97602	94		0
30	1518	0	97639	95		4,62962962960445e-06
30	1519	0	97676	96		0
30	1520	0	97712	97		0
30	1521	0	97749	98		0
30	1522	0	97785	99		0
30	1523	0	97821	100		4,62962962960445e-06
30	1524	0	97859	101		4,62962962960445e-06
30	1525	0	97897	102		4,62962962960445e-06
30	1526	0	97933	103		4,62962962960445e-06
30	1527	0	97968	104		4,62962962960445e-06
30	1528	0	98021	105		4,62962962960445e-06
30	1529	0	98046	106		4,62962962960445e-06
30	1530	0	98082	107		4,62962962965996e-06
30	1531	0	98118	108		0
30	1532	0	98155	109		4,62962962965996e-06
30	1533	0	98192	110		0
30	1534	0	98228	111		4,62962962960445e-06
30	1535	0	98265	112		0
30	1536	0	98304	113		4,62962962965996e-06
30	1537	0	98342	114		4,62962962965996e-06
30	1538	0	98382	115		4,62962962965996e-06
30	1539	0	98423	116		0
30	1540	0	98462	117		4,62962962965996e-06
30	1541	0	98502	118		4,62962962960445e-06
30	1542	0	98561	119		4,62962962965996e-06
30	1543	0	98589	120		4,62962962965996e-06
30	1544	0	98631	121		4,62962962965996e-06
30	1545	0	98675	122		4,62962962960445e-06
30	1546	0	98719	123		0
30	1547	0	98761	124		0
30	1548	0	98805	125		4,62962962960445e-06
30	1549	0	98850	126		0
30	1550	0	98892	127		4,62962962960445e-06
30	1551	0	98937	128		4,62962962960445e-06
30	1552	0	98981	129		4,62962962965996e-06
30	1553	0	99026	130		0
30	1554	0	99086	131		4,62962962960445e-06
30	1555	0	99113	132		4,62962962965996e-06
30	1556	0	99149	133		4,62962962965996e-06
30	1557	0	99186	134		4,62962962960445e-06
30	1558	0	99222	135		4,62962962965996e-06
30	1559	0	99259	136		4,62962962954894e-06
30	1560	0	99297	137		4,62962962965996e-06
30	1561	0	99335	138		4,62962962960445e-06
30	1562	0	99374	139		0
30	1563	0	99410	140		4,62962962965996e-06
30	1564	0	99446	141		4,62962962960445e-06
30	1565	0	99482	142		4,62962962965996e-06
30	1566	0	99523	143		0
30	1567	0	99560	144		0
30	1568	0	99620	145		4,62962962965996e-06
30	1569	0	99646	146		0
30	1570	0	99683	147		0
30	1571	0	99724	148		0
30	1572	0	99758	149		0
30	1573	0	99795	150		4,62962962960445e-06
30	1574	0	99831	151		0
30	1575	0	99868	152		4,62962962954894e-06
30	1576	0	99904	153		4,62962962960445e-06
30	1577	0	99940	154		4,62962962965996e-06
30	1578	0	99977	155		0
30	1579	0	100016	156		0
30	1580	0	100053	157		0
30	1581	0	100090	158		4,62962962954894e-06
30	1582	0	100145	159		4,62962962960445e-06
30	1583	0	100172	160		0
30	1584	0	100210	161		4,62962962960445e-06
30	1585	0	100247	162		0
30	1586	0	100282	163		0
30	1587	0	100319	164		0
30	1588	0	100364	165		4,62962962960445e-06
30	1589	0	100396	166		4,62962962960445e-06
30	1590	0	100435	167		0
30	1591	0	100472	168		4,62962962965996e-06
30	1592	0	100509	169		4,62962962954894e-06
30	1593	0	100546	170		4,62962962960445e-06
30	1594	0	100583	171		0
30	1595	0	100620	172		0
30	1596	0	100669	173		4,62962962965996e-06
30	1597	0	100694	174		4,62962962965996e-06
30	1598	0	100731	175		4,62962962960445e-06
30	1599	0	100767	176		0
30	1600	0	100803	177		4,62962962965996e-06
30	1601	0	100841	178		4,62962962960445e-06
30	1602	0	100892	179		0
30	1603	0	100933	180		4,62962962965996e-06
30	1604	0	100973	181		0
30	1605	0	101013	182		0
30	1606	0	101050	183		4,62962962960445e-06
30	1607	0	101087	184		4,62962962960445e-06
30	1608	0	101125	185		0
30	1609	0	101162	186		4,62962962965996e-06
30	1610	0	101212	187		4,62962962971547e-06
30	1611	0	101239	188		0
30	1612	0	101278	189		0
30	1613	0	101315	190		0
30	1614	0	101350	191		0
30	1615	0	101388	192		0
30	1616	0	101426	193		4,62962962965996e-06
30	1617	0	101463	194		0
30	1618	0	101498	195		0
30	1619	0	101535	196		4,62962962965996e-06
30	1620	0	101571	197		0
30	1621	0	101609	198		4,62962962965996e-06
30	1622	0	101646	199		4,62962962960445e-06
31	1623	0	202908	0		1,38888888888689e-05
